0,255,0,0
1,255,1,0
2,255,3,0
3,255,5,0
4,255,7,0
5,255,9,0
6,255,11,0
7,255,13,0
8,255,15,0
9,255,17,0
10,255,19,0
11,255,21,0
12,255,23,0
13,255,25,0
14,255,27,0
15,255,29,0
16,255,31,0
17,255,33,0
18,255,35,0
19,255,37,0
20,255,39,0
21,255,41,0
22,255,43,0
23,255,45,0
24,255,47,0
25,255,49,0
26,255,51,0
27,255,53,0
28,255,55,0
29,255,57,0
30,255,59,0
31,255,61,0
32,255,63,0
33,255,65,0
34,255,67,0
35,255,69,0
36,255,71,0
37,255,73,0
38,255,75,0
39,255,77,0
40,255,79,0
41,255,81,0
42,255,83,0
43,255,85,0
44,255,87,0
45,255,89,0
46,255,91,0
47,255,93,0
48,255,95,0
49,255,97,0
50,255,99,0
51,255,101,0
52,255,103,0
53,255,105,0
54,255,107,0
55,255,109,0
56,255,111,0
57,255,113,0
58,255,115,0
59,255,117,0
60,255,119,0
61,255,121,0
62,255,123,0
63,255,125,0
64,255,127,0
65,255,129,0
66,255,131,0
67,255,133,0
68,255,135,0
69,255,137,0
70,255,139,0
71,255,141,0
72,255,143,0
73,255,145,0
74,255,147,0
75,255,149,0
76,255,151,0
77,255,153,0
78,255,155,0
79,255,157,0
80,255,159,0
81,255,161,0
82,255,163,0
83,255,165,0
84,255,167,0
85,255,169,0
86,255,171,0
87,255,173,0
88,255,175,0
89,255,177,0
90,255,179,0
91,255,181,0
92,255,183,0
93,255,185,0
94,255,187,0
95,255,189,0
96,255,191,0
97,255,193,0
98,255,195,0
99,255,197,0
100,255,199,0
101,255,201,0
102,255,203,0
103,255,205,0
104,255,207,0
105,255,209,0
106,255,211,0
107,255,213,0
108,255,215,0
109,255,217,0
110,255,219,0
111,255,221,0
112,255,223,0
113,255,225,0
114,255,227,0
115,255,229,0
116,255,231,0
117,255,233,0
118,255,235,0
119,255,237,0
120,255,239,0
121,255,241,0
122,255,243,0
123,255,245,0
124,255,247,0
125,255,249,0
126,255,251,0
127,255,253,0
128,255,255,0
129,253,255,0
130,251,255,0
131,249,255,0
132,247,255,0
133,245,255,0
134,243,255,0
135,241,255,0
136,239,255,0
137,237,255,0
138,235,255,0
139,233,255,0
140,231,255,0
141,229,255,0
142,227,255,0
143,225,255,0
144,223,255,0
145,221,255,0
146,219,255,0
147,217,255,0
148,215,255,0
149,213,255,0
150,211,255,0
151,209,255,0
152,207,255,0
153,205,255,0
154,203,255,0
155,201,255,0
156,199,255,0
157,197,255,0
158,195,255,0
159,193,255,0
160,191,255,0
161,189,255,0
162,187,255,0
163,185,255,0
164,183,255,0
165,181,255,0
166,179,255,0
167,177,255,0
168,175,255,0
169,173,255,0
170,171,255,0
171,169,255,0
172,167,255,0
173,165,255,0
174,163,255,0
175,161,255,0
176,159,255,0
177,157,255,0
178,155,255,0
179,153,255,0
180,151,255,0
181,149,255,0
182,147,255,0
183,145,255,0
184,143,255,0
185,141,255,0
186,139,255,0
187,137,255,0
188,135,255,0
189,133,255,0
190,131,255,0
191,129,255,0
192,127,255,0
193,125,255,0
194,123,255,0
195,121,255,0
196,119,255,0
197,117,255,0
198,115,255,0
199,113,255,0
200,111,255,0
201,109,255,0
202,107,255,0
203,105,255,0
204,103,255,0
205,101,255,0
206,99,255,0
207,97,255,0
208,95,255,0
209,93,255,0
210,91,255,0
211,89,255,0
212,87,255,0
213,85,255,0
214,83,255,0
215,81,255,0
216,79,255,0
217,77,255,0
218,75,255,0
219,73,255,0
220,71,255,0
221,69,255,0
222,67,255,0
223,65,255,0
224,63,255,0
225,61,255,0
226,59,255,0
227,57,255,0
228,55,255,0
229,53,255,0
230,51,255,0
231,49,255,0
232,47,255,0
233,45,255,0
234,43,255,0
235,41,255,0
236,39,255,0
237,37,255,0
238,35,255,0
239,33,255,0
240,31,255,0
241,29,255,0
242,27,255,0
243,25,255,0
244,23,255,0
245,21,255,0
246,19,255,0
247,17,255,0
248,15,255,0
249,13,255,0
250,11,255,0
251,9,255,0
252,7,255,0
253,5,255,0
254,3,255,0
255,1,255,0
256,0,255,0
257,0,255,1
258,0,255,3
259,0,255,5
260,0,255,7
261,0,255,9
262,0,255,11
263,0,255,13
264,0,255,15
265,0,255,17
266,0,255,19
267,0,255,21
268,0,255,23
269,0,255,25
270,0,255,27
271,0,255,29
272,0,255,31
273,0,255,33
274,0,255,35
275,0,255,37
276,0,255,39
277,0,255,41
278,0,255,43
279,0,255,45
280,0,255,47
281,0,255,49
282,0,255,51
283,0,255,53
284,0,255,55
285,0,255,57
286,0,255,59
287,0,255,61
288,0,255,63
289,0,255,65
290,0,255,67
291,0,255,69
292,0,255,71
293,0,255,73
294,0,255,75
295,0,255,77
296,0,255,79
297,0,255,81
298,0,255,83
299,0,255,85
300,0,255,87
301,0,255,89
302,0,255,91
303,0,255,93
304,0,255,95
305,0,255,97
306,0,255,99
307,0,255,101
308,0,255,103
309,0,255,105
310,0,255,107
311,0,255,109
312,0,255,111
313,0,255,113
314,0,255,115
315,0,255,117
316,0,255,119
317,0,255,121
318,0,255,123
319,0,255,125
320,0,255,127
321,0,255,129
322,0,255,131
323,0,255,133
324,0,255,135
325,0,255,137
326,0,255,139
327,0,255,141
328,0,255,143
329,0,255,145
330,0,255,147
331,0,255,149
332,0,255,151
333,0,255,153
334,0,255,155
335,0,255,157
336,0,255,159
337,0,255,161
338,0,255,163
339,0,255,165
340,0,255,167
341,0,255,169
342,0,255,171
343,0,255,173
344,0,255,175
345,0,255,177
346,0,255,179
347,0,255,181
348,0,255,183
349,0,255,185
350,0,255,187
351,0,255,189
352,0,255,191
353,0,255,193
354,0,255,195
355,0,255,197
356,0,255,199
357,0,255,201
358,0,255,203
359,0,255,205
360,0,255,207
361,0,255,209
362,0,255,211
363,0,255,213
364,0,255,215
365,0,255,217
366,0,255,219
367,0,255,221
368,0,255,223
369,0,255,225
370,0,255,227
371,0,255,229
372,0,255,231
373,0,255,233
374,0,255,235
375,0,255,237
376,0,255,239
377,0,255,241
378,0,255,243
379,0,255,245
380,0,255,247
381,0,255,249
382,0,255,251
383,0,255,253
384,0,255,255
385,0,253,255
386,0,251,255
387,0,249,255
388,0,247,255
389,0,245,255
390,0,243,255
391,0,241,255
392,0,239,255
393,0,237,255
394,0,235,255
395,0,233,255
396,0,231,255
397,0,229,255
398,0,227,255
399,0,225,255
400,0,223,255
401,0,221,255
402,0,219,255
403,0,217,255
404,0,215,255
405,0,213,255
406,0,211,255
407,0,209,255
408,0,207,255
409,0,205,255
410,0,203,255
411,0,201,255
412,0,199,255
413,0,197,255
414,0,195,255
415,0,193,255
416,0,191,255
417,0,189,255
418,0,187,255
419,0,185,255
420,0,183,255
421,0,181,255
422,0,179,255
423,0,177,255
424,0,175,255
425,0,173,255
426,0,171,255
427,0,169,255
428,0,167,255
429,0,165,255
430,0,163,255
431,0,161,255
432,0,159,255
433,0,157,255
434,0,155,255
435,0,153,255
436,0,151,255
437,0,149,255
438,0,147,255
439,0,145,255
440,0,143,255
441,0,141,255
442,0,139,255
443,0,137,255
444,0,135,255
445,0,133,255
446,0,131,255
447,0,129,255
448,0,127,255
449,0,125,255
450,0,123,255
451,0,121,255
452,0,119,255
453,0,117,255
454,0,115,255
455,0,113,255
456,0,111,255
457,0,109,255
458,0,107,255
459,0,105,255
460,0,103,255
461,0,101,255
462,0,99,255
463,0,97,255
464,0,95,255
465,0,93,255
466,0,91,255
467,0,89,255
468,0,87,255
469,0,85,255
470,0,83,255
471,0,81,255
472,0,79,255
473,0,77,255
474,0,75,255
475,0,73,255
476,0,71,255
477,0,69,255
478,0,67,255
479,0,65,255
480,0,63,255
481,0,61,255
482,0,59,255
483,0,57,255
484,0,55,255
485,0,53,255
486,0,51,255
487,0,49,255
488,0,47,255
489,0,45,255
490,0,43,255
491,0,41,255
492,0,39,255
493,0,37,255
494,0,35,255
495,0,33,255
496,0,31,255
497,0,29,255
498,0,27,255
499,0,25,255
500,0,23,255
501,0,21,255
502,0,19,255
503,0,17,255
504,0,15,255
505,0,13,255
506,0,11,255
507,0,9,255
508,0,7,255
509,0,5,255
510,0,3,255
511,0,1,255
512,0,0,255
513,1,0,255
514,3,0,255
515,5,0,255
516,7,0,255
517,9,0,255
518,11,0,255
519,13,0,255
520,15,0,255
521,17,0,255
522,19,0,255
523,21,0,255
524,23,0,255
525,25,0,255
526,27,0,255
527,29,0,255
528,31,0,255
529,33,0,255
530,35,0,255
531,37,0,255
532,39,0,255
533,41,0,255
534,43,0,255
535,45,0,255
536,47,0,255
537,49,0,255
538,51,0,255
539,53,0,255
540,55,0,255
541,57,0,255
542,59,0,255
543,61,0,255
544,63,0,255
545,65,0,255
546,67,0,255
547,69,0,255
548,71,0,255
549,73,0,255
550,75,0,255
551,77,0,255
552,79,0,255
553,81,0,255
554,83,0,255
555,85,0,255
556,87,0,255
557,89,0,255
558,91,0,255
559,93,0,255
560,95,0,255
561,97,0,255
562,99,0,255
563,101,0,255
564,103,0,255
565,105,0,255
566,107,0,255
567,109,0,255
568,111,0,255
569,113,0,255
570,115,0,255
571,117,0,255
572,119,0,255
573,121,0,255
574,123,0,255
575,125,0,255
576,127,0,255
577,129,0,255
578,131,0,255
579,133,0,255
580,135,0,255
581,137,0,255
582,139,0,255
583,141,0,255
584,143,0,255
585,145,0,255
586,147,0,255
587,149,0,255
588,151,0,255
589,153,0,255
590,155,0,255
591,157,0,255
592,159,0,255
593,161,0,255
594,163,0,255
595,165,0,255
596,167,0,255
597,169,0,255
598,171,0,255
599,173,0,255
600,175,0,255
601,177,0,255
602,179,0,255
603,181,0,255
604,183,0,255
605,185,0,255
606,187,0,255
607,189,0,255
608,191,0,255
609,193,0,255
610,195,0,255
611,197,0,255
612,199,0,255
613,201,0,255
614,203,0,255
615,205,0,255
616,207,0,255
617,209,0,255
618,211,0,255
619,213,0,255
620,215,0,255
621,217,0,255
622,219,0,255
623,221,0,255
624,223,0,255
625,225,0,255
626,227,0,255
627,229,0,255
628,231,0,255
629,233,0,255
630,235,0,255
631,237,0,255
632,239,0,255
633,241,0,255
634,243,0,255
635,245,0,255
636,247,0,255
637,249,0,255
638,251,0,255
639,253,0,255
640,255,0,255
641,255,0,253
642,255,0,251
643,255,0,249
644,255,0,247
645,255,0,245
646,255,0,243
647,255,0,241
648,255,0,239
649,255,0,237
650,255,0,235
651,255,0,233
652,255,0,231
653,255,0,229
654,255,0,227
655,255,0,225
656,255,0,223
657,255,0,221
658,255,0,219
659,255,0,217
660,255,0,215
661,255,0,213
662,255,0,211
663,255,0,209
664,255,0,207
665,255,0,205
666,255,0,203
667,255,0,201
668,255,0,199
669,255,0,197
670,255,0,195
671,255,0,193
672,255,0,191
673,255,0,189
674,255,0,187
675,255,0,185
676,255,0,183
677,255,0,181
678,255,0,179
679,255,0,177
680,255,0,175
681,255,0,173
682,255,0,171
683,255,0,169
684,255,0,167
685,255,0,165
686,255,0,163
687,255,0,161
688,255,0,159
689,255,0,157
690,255,0,155
691,255,0,153
692,255,0,151
693,255,0,149
694,255,0,147
695,255,0,145
696,255,0,143
697,255,0,141
698,255,0,139
699,255,0,137
700,255,0,135
701,255,0,133
702,255,0,131
703,255,0,129
704,255,0,127
705,255,0,125
706,255,0,123
707,255,0,121
708,255,0,119
709,255,0,117
710,255,0,115
711,255,0,113
712,255,0,111
713,255,0,109
714,255,0,107
715,255,0,105
716,255,0,103
717,255,0,101
718,255,0,99
719,255,0,97
720,255,0,95
721,255,0,93
722,255,0,91
723,255,0,89
724,255,0,87
725,255,0,85
726,255,0,83
727,255,0,81
728,255,0,79
729,255,0,77
730,255,0,75
731,255,0,73
732,255,0,71
733,255,0,69
734,255,0,67
735,255,0,65
736,255,0,63
737,255,0,61
738,255,0,59
739,255,0,57
740,255,0,55
741,255,0,53
742,255,0,51
743,255,0,49
744,255,0,47
745,255,0,45
746,255,0,43
747,255,0,41
748,255,0,39
749,255,0,37
750,255,0,35
751,255,0,33
752,255,0,31
753,255,0,29
754,255,0,27
755,255,0,25
756,255,0,23
757,255,0,21
758,255,0,19
759,255,0,17
760,255,0,15
761,255,0,13
762,255,0,11
763,255,0,9
764,255,0,7
765,255,0,5
766,255,0,3
767,255,0,1
