0.328
0.311
0.316
0.302
0.312
0.293
0.302
0.306
0.339
0.319
0.373
0.344
0.304
0.331
0.272
0.879
0.348
0.355
0.321
0.282
0.302
0.306
0.318
0.29
2.815
0.316
0.339
0.916
0.331
0.33
0.317
0.352
0.324
0.322
0.322
0.297
0.371
0.28
0.3
0.344
0.325
0.355
0.292
0.353
0.291
0.361
0.312
0.3
0.299
0.936
0.272
0.865
0.315
0.292
0.454
0.312
0.372
0.301
0.332
0.318
0.339
0.312
0.428
0.32
0.296
0.323
0.301
0.318
0.288
0.308
0.309
0.349
0.296
0.898
0.305
1.589
0.308
0.3
0.328
0.321
0.311
0.311
0.345
0.339
0.313
0.322
0.311
0.309
0.32
0.356
0.308
0.336
0.311
0.329
0.326
0.322
0.308
0.331
0.33
0.358
0.346
0.319
0.339
0.295
0.292
0.387
0.311
0.332
0.302
0.319
2.751
0.287
0.332
0.342
0.311
0.28
0.338
0.366
0.312
0.336
0.337
0.345
0.313
0.293
0.319
0.346
0.33
0.911
0.35
0.279
0.323
0.359
0.924
0.305
0.304
0.358
0.878
0.3
0.328
0.334
0.396
0.301
0.309
0.906
0.288
0.341
0.286
0.886
0.35
0.271
0.925
0.363
0.357
0.322
0.373
0.361
0.307
0.329
0.278
0.369
0.313
0.306
0.315
0.351
0.896
0.914
0.275
0.288
0.237
0.41
0.297
0.345
0.323
0.317
0.305
0.367
0.301
0.338
0.335
0.294
0.31
0.3
0.347
0.296
0.297
0.351
0.337
0.333
0.293
0.276
0.297
0.3
0.925
0.314
0.271
0.273
0.264
0.39
0.306
0.306
0.315
0.28
0.342
0.362
0.341
0.304
0.329
0.333
0.317
0.278
0.263
0.322
0.353
0.334
0.949
0.296
0.33
0.278
0.306
0.384
0.35
0.316
0.309
0.282
0.303
0.307
0.353
0.326
0.314
0.273
0.293
0.325
0.323
0.294
0.372
0.313
0.345
0.363
0.276
0.316
0.319
0.32
0.319
0.347
0.294
0.342
0.342
0.317
0.271
0.321
0.295
0.362
0.365
0.301
0.286
0.323
0.297
0.307
0.33
0.295
0.289
0.372
0.338
0.337
0.326
0.347
0.347
0.348
0.332
0.311
0.378
0.319
0.289
0.29
0.299
0.326
0.354
0.305
0.359
0.332
0.308
0.284
0.401
0.327
0.281
0.293
0.3
0.344
0.303
0.327
0.292
0.338
0.338
0.311
0.326
0.34
0.339
0.375
0.291
0.292
0.284
0.301
0.95
0.313
0.379
0.252
0.284
0.31
0.333
0.324
0.335
0.328
0.348
2.92
0.283
0.375
0.337
0.273
0.278
1.587
0.332
0.334
0.34
0.904
0.312
0.343
0.275
0.323
0.316
0.338
0.338
0.329
0.315
0.315
0.35
0.305
0.33
0.279
0.283
0.302
1.665
0.366
0.369
0.289
0.346
0.3
0.289
0.294
0.326
0.285
0.306
0.303
0.323
0.345
0.323
0.286
0.279
0.354
0.313
0.357
0.309
0.318
0.323
0.301
0.279
0.313
0.336
0.298
0.309
0.36
0.248
0.347
0.308
0.319
0.308
0.336
0.318
0.373
0.312
0.289
0.341
0.305
0.309
0.298
0.327
0.325
0.312
0.293
0.29
0.294
0.358
0.973
0.31
0.358
0.349
0.282
0.336
0.41
0.325
0.279
0.355
0.32
0.319
0.355
0.299
0.336
0.327
0.329
0.322
0.359
0.347
0.298
0.324
0.307
0.364
0.307
0.381
0.354
0.309
0.913
0.345
0.318
0.302
0.283
0.26
0.302
0.305
0.303
0.343
0.341
0.319
0.318
0.887
0.254
0.332
0.339
0.285
0.315
0.295
0.375
0.319
0.303
0.255
0.287
0.325
0.309
0.294
0.298
0.281
0.36
0.326
0.353
0.264
0.35
0.339
2.986
0.281
0.367
0.324
0.301
0.273
0.359
0.338
0.378
2.264
0.363
0.31
0.286
0.304
0.339
0.305
0.345
0.905
0.289
1.492
0.295
0.316
0.352
0.364
0.347
0.322
0.299
0.372
0.302
0.307
0.289
0.308
0.328
0.335
0.325
0.304
0.307
0.279
0.3
0.348
0.311
0.377
0.318
0.296
0.305
0.353
0.326
0.334
0.354
0.285
0.319
0.295
0.361
0.306
0.293
0.286
0.314
0.302
0.364
0.324
0.359
0.312
0.332
0.356
0.281
0.344
0.329
0.331
0.334
0.371
0.907
0.301
0.298
0.289
0.289
0.347
0.291
0.323
0.358
0.336
0.352
0.304
0.35
0.36
0.326
0.295
0.309
0.279
0.321
0.342
0.369
0.304
0.324
0.322
0.297
0.331
0.293
0.322
0.279
0.308
0.286
0.313
0.888
0.317
0.295
0.287
0.323
0.419
0.317
0.25
0.295
0.287
0.359
0.314
0.304
0.295
0.332
0.294
0.316
0.322
0.291
0.342
0.302
0.323
0.316
0.359
0.323
0.314
0.307
0.34
0.293
0.317
0.318
0.284
0.316
0.31
0.363
0.306
0.356
0.319
0.31
0.325
0.302
0.346
0.28
0.314
0.354
0.318
0.319
0.895
0.37
0.28
0.242
0.314
0.896
0.249
0.367
0.325
0.307
0.31
0.331
0.291
0.356
0.26
0.344
0.297
2.373
0.325
0.353
0.325
0.364
0.297
0.325
0.277
0.356
0.247
0.362
0.357
0.308
0.373
0.3
0.966
0.356
0.341
0.304
0.359
0.288
0.319
0.918
0.34
0.312
0.345
0.301
0.323
0.345
0.367
0.329
0.295
0.345
0.273
0.319
0.304
0.297
0.292
0.346
0.348
0.355
0.282
0.308
0.321
0.365
0.313
0.4
0.319
0.35
0.326
0.293
0.341
0.351
0.309
0.365
0.309
0.337
0.296
0.31
0.308
0.278
0.371
0.33
0.334
0.272
0.331
0.374
0.305
0.334
0.319
0.332
1.58
0.332
0.284
0.367
0.308
0.312
0.268
0.296
0.302
0.292
0.408
0.332
0.307
0.328
0.323
0.28
0.301
0.327
0.331
0.295
0.304
0.293
0.351
0.3
0.288
0.323
0.318
0.321
0.27
0.307
0.367
0.309
0.327
0.288
0.344
0.351
0.334
0.32
0.306
0.301
0.287
0.283
0.308
0.283
0.315
0.298
0.315
0.32
0.36
0.309
0.419
0.279
0.334
0.342
0.366
0.319
0.351
0.293
0.918
0.342
0.321
0.267
0.374
0.302
0.313
0.326
0.298
0.365
0.349
0.35
0.335
0.318
0.292
0.899
0.369
0.306
0.334
0.888
0.292
0.368
0.338
0.304
0.353
0.302
0.322
0.298
0.334
0.258
0.293
